17,2
17,1
17,3
15,2
15,1
15,3
16,2
16,1
16,3
3,2
3,1
3,3
10,17
10,25
10,11
10,2
10,3
11,5
11,7
11,2
11,3
9,2
9,1
9,3
8,4
8,2
8,3
12,2
12,1
12,3
20,2
20,1
20,3
19,2
19,1
19,3
11,13
11,12
11,11
11,10
11,9
11,1
11,8
10,124
10,123
10,122
10,121
10,120
10,119
10,118
10,117
10,116
10,115
10,114
10,113
10,112
10,111
10,110
10,109
10,108
10,107
10,106
10,105
10,104
10,103
10,102
10,101
10,100
10,99
10,98
10,97
10,96
10,95
10,94
10,93
10,92
10,91
10,90
10,89
10,88
10,87
10,86
10,85
10,84
10,83
10,82
10,81
10,80
